1.00	2.00	3.00	4.00	5.00	6.00	7.00	8.00	9.00	10.00	11.00	12.00	13.00	14.00	15.00	16.00	17.00	18.00	19.00	20.00	21.00	22.00	23.00	24.00	25.00	26.00	27.00	28.00	29.00	30.00	31.00	32.00	33.00	34.00	35.00	36.00	37.00	38.00	39.00	40.00	41.00	42.00	43.00	44.00	45.00	46.00	47.00	48.00	49.00	50.00	51.00	52.00	53.00	54.00	55.00	56.00	57.00	58.00	59.00	60.00	61.00	62.00	63.00	64.00	
2.00	4.00	6.00	8.00	10.00	12.00	14.00	16.00	18.00	20.00	22.00	24.00	26.00	28.00	30.00	32.00	34.00	36.00	38.00	40.00	42.00	44.00	46.00	48.00	50.00	52.00	54.00	56.00	58.00	60.00	62.00	64.00	66.00	68.00	70.00	72.00	74.00	76.00	78.00	80.00	82.00	84.00	86.00	88.00	90.00	92.00	94.00	96.00	98.00	100.00	102.00	104.00	106.00	108.00	110.00	112.00	114.00	116.00	118.00	120.00	122.00	124.00	126.00	128.00	
3.00	6.00	9.00	12.00	15.00	18.00	21.00	24.00	27.00	30.00	33.00	36.00	39.00	42.00	45.00	48.00	51.00	54.00	57.00	60.00	63.00	66.00	69.00	72.00	75.00	78.00	81.00	84.00	87.00	90.00	93.00	96.00	99.00	102.00	105.00	108.00	111.00	114.00	117.00	120.00	123.00	126.00	129.00	132.00	135.00	138.00	141.00	144.00	147.00	150.00	153.00	156.00	159.00	162.00	165.00	168.00	171.00	174.00	177.00	180.00	183.00	186.00	189.00	192.00	
4.00	8.00	12.00	16.00	20.00	24.00	28.00	32.00	36.00	40.00	44.00	48.00	52.00	56.00	60.00	64.00	68.00	72.00	76.00	80.00	84.00	88.00	92.00	96.00	100.00	104.00	108.00	112.00	116.00	120.00	124.00	128.00	132.00	136.00	140.00	144.00	148.00	152.00	156.00	160.00	164.00	168.00	172.00	176.00	180.00	184.00	188.00	192.00	196.00	200.00	204.00	208.00	212.00	216.00	220.00	224.00	228.00	232.00	236.00	240.00	244.00	248.00	252.00	256.00	
5.00	10.00	15.00	20.00	25.00	30.00	35.00	40.00	45.00	50.00	55.00	60.00	65.00	70.00	75.00	80.00	85.00	90.00	95.00	100.00	105.00	110.00	115.00	120.00	125.00	130.00	135.00	140.00	145.00	150.00	155.00	160.00	165.00	170.00	175.00	180.00	185.00	190.00	195.00	200.00	205.00	210.00	215.00	220.00	225.00	230.00	235.00	240.00	245.00	250.00	255.00	260.00	265.00	270.00	275.00	280.00	285.00	290.00	295.00	300.00	305.00	310.00	315.00	320.00	
6.00	12.00	18.00	24.00	30.00	36.00	42.00	48.00	54.00	60.00	66.00	72.00	78.00	84.00	90.00	96.00	102.00	108.00	114.00	120.00	126.00	132.00	138.00	144.00	150.00	156.00	162.00	168.00	174.00	180.00	186.00	192.00	198.00	204.00	210.00	216.00	222.00	228.00	234.00	240.00	246.00	252.00	258.00	264.00	270.00	276.00	282.00	288.00	294.00	300.00	306.00	312.00	318.00	324.00	330.00	336.00	342.00	348.00	354.00	360.00	366.00	372.00	378.00	384.00	
7.00	14.00	21.00	28.00	35.00	42.00	49.00	56.00	63.00	70.00	77.00	84.00	91.00	98.00	105.00	112.00	119.00	126.00	133.00	140.00	147.00	154.00	161.00	168.00	175.00	182.00	189.00	196.00	203.00	210.00	217.00	224.00	231.00	238.00	245.00	252.00	259.00	266.00	273.00	280.00	287.00	294.00	301.00	308.00	315.00	322.00	329.00	336.00	343.00	350.00	357.00	364.00	371.00	378.00	385.00	392.00	399.00	406.00	413.00	420.00	427.00	434.00	441.00	448.00	
8.00	16.00	24.00	32.00	40.00	48.00	56.00	64.00	72.00	80.00	88.00	96.00	104.00	112.00	120.00	128.00	136.00	144.00	152.00	160.00	168.00	176.00	184.00	192.00	200.00	208.00	216.00	224.00	232.00	240.00	248.00	256.00	264.00	272.00	280.00	288.00	296.00	304.00	312.00	320.00	328.00	336.00	344.00	352.00	360.00	368.00	376.00	384.00	392.00	400.00	408.00	416.00	424.00	432.00	440.00	448.00	456.00	464.00	472.00	480.00	488.00	496.00	504.00	512.00	
9.00	18.00	27.00	36.00	45.00	54.00	63.00	72.00	81.00	90.00	99.00	108.00	117.00	126.00	135.00	144.00	153.00	162.00	171.00	180.00	189.00	198.00	207.00	216.00	225.00	234.00	243.00	252.00	261.00	270.00	279.00	288.00	297.00	306.00	315.00	324.00	333.00	342.00	351.00	360.00	369.00	378.00	387.00	396.00	405.00	414.00	423.00	432.00	441.00	450.00	459.00	468.00	477.00	486.00	495.00	504.00	513.00	522.00	531.00	540.00	549.00	558.00	567.00	576.00	
10.00	20.00	30.00	40.00	50.00	60.00	70.00	80.00	90.00	100.00	110.00	120.00	130.00	140.00	150.00	160.00	170.00	180.00	190.00	200.00	210.00	220.00	230.00	240.00	250.00	260.00	270.00	280.00	290.00	300.00	310.00	320.00	330.00	340.00	350.00	360.00	370.00	380.00	390.00	400.00	410.00	420.00	430.00	440.00	450.00	460.00	470.00	480.00	490.00	500.00	510.00	520.00	530.00	540.00	550.00	560.00	570.00	580.00	590.00	600.00	610.00	620.00	630.00	640.00	
11.00	22.00	33.00	44.00	55.00	66.00	77.00	88.00	99.00	110.00	121.00	132.00	143.00	154.00	165.00	176.00	187.00	198.00	209.00	220.00	231.00	242.00	253.00	264.00	275.00	286.00	297.00	308.00	319.00	330.00	341.00	352.00	363.00	374.00	385.00	396.00	407.00	418.00	429.00	440.00	451.00	462.00	473.00	484.00	495.00	506.00	517.00	528.00	539.00	550.00	561.00	572.00	583.00	594.00	605.00	616.00	627.00	638.00	649.00	660.00	671.00	682.00	693.00	704.00	
12.00	24.00	36.00	48.00	60.00	72.00	84.00	96.00	108.00	120.00	132.00	144.00	156.00	168.00	180.00	192.00	204.00	216.00	228.00	240.00	252.00	264.00	276.00	288.00	300.00	312.00	324.00	336.00	348.00	360.00	372.00	384.00	396.00	408.00	420.00	432.00	444.00	456.00	468.00	480.00	492.00	504.00	516.00	528.00	540.00	552.00	564.00	576.00	588.00	600.00	612.00	624.00	636.00	648.00	660.00	672.00	684.00	696.00	708.00	720.00	732.00	744.00	756.00	768.00	
13.00	26.00	39.00	52.00	65.00	78.00	91.00	104.00	117.00	130.00	143.00	156.00	169.00	182.00	195.00	208.00	221.00	234.00	247.00	260.00	273.00	286.00	299.00	312.00	325.00	338.00	351.00	364.00	377.00	390.00	403.00	416.00	429.00	442.00	455.00	468.00	481.00	494.00	507.00	520.00	533.00	546.00	559.00	572.00	585.00	598.00	611.00	624.00	637.00	650.00	663.00	676.00	689.00	702.00	715.00	728.00	741.00	754.00	767.00	780.00	793.00	806.00	819.00	832.00	
14.00	28.00	42.00	56.00	70.00	84.00	98.00	112.00	126.00	140.00	154.00	168.00	182.00	196.00	210.00	224.00	238.00	252.00	266.00	280.00	294.00	308.00	322.00	336.00	350.00	364.00	378.00	392.00	406.00	420.00	434.00	448.00	462.00	476.00	490.00	504.00	518.00	532.00	546.00	560.00	574.00	588.00	602.00	616.00	630.00	644.00	658.00	672.00	686.00	700.00	714.00	728.00	742.00	756.00	770.00	784.00	798.00	812.00	826.00	840.00	854.00	868.00	882.00	896.00	
15.00	30.00	45.00	60.00	75.00	90.00	105.00	120.00	135.00	150.00	165.00	180.00	195.00	210.00	225.00	240.00	255.00	270.00	285.00	300.00	315.00	330.00	345.00	360.00	375.00	390.00	405.00	420.00	435.00	450.00	465.00	480.00	495.00	510.00	525.00	540.00	555.00	570.00	585.00	600.00	615.00	630.00	645.00	660.00	675.00	690.00	705.00	720.00	735.00	750.00	765.00	780.00	795.00	810.00	825.00	840.00	855.00	870.00	885.00	900.00	915.00	930.00	945.00	960.00	
16.00	32.00	48.00	64.00	80.00	96.00	112.00	128.00	144.00	160.00	176.00	192.00	208.00	224.00	240.00	256.00	272.00	288.00	304.00	320.00	336.00	352.00	368.00	384.00	400.00	416.00	432.00	448.00	464.00	480.00	496.00	512.00	528.00	544.00	560.00	576.00	592.00	608.00	624.00	640.00	656.00	672.00	688.00	704.00	720.00	736.00	752.00	768.00	784.00	800.00	816.00	832.00	848.00	864.00	880.00	896.00	912.00	928.00	944.00	960.00	976.00	992.00	1008.00	1024.00	
17.00	34.00	51.00	68.00	85.00	102.00	119.00	136.00	153.00	170.00	187.00	204.00	221.00	238.00	255.00	272.00	289.00	306.00	323.00	340.00	357.00	374.00	391.00	408.00	425.00	442.00	459.00	476.00	493.00	510.00	527.00	544.00	561.00	578.00	595.00	612.00	629.00	646.00	663.00	680.00	697.00	714.00	731.00	748.00	765.00	782.00	799.00	816.00	833.00	850.00	867.00	884.00	901.00	918.00	935.00	952.00	969.00	986.00	1003.00	1020.00	1037.00	1054.00	1071.00	1088.00	
18.00	36.00	54.00	72.00	90.00	108.00	126.00	144.00	162.00	180.00	198.00	216.00	234.00	252.00	270.00	288.00	306.00	324.00	342.00	360.00	378.00	396.00	414.00	432.00	450.00	468.00	486.00	504.00	522.00	540.00	558.00	576.00	594.00	612.00	630.00	648.00	666.00	684.00	702.00	720.00	738.00	756.00	774.00	792.00	810.00	828.00	846.00	864.00	882.00	900.00	918.00	936.00	954.00	972.00	990.00	1008.00	1026.00	1044.00	1062.00	1080.00	1098.00	1116.00	1134.00	1152.00	
19.00	38.00	57.00	76.00	95.00	114.00	133.00	152.00	171.00	190.00	209.00	228.00	247.00	266.00	285.00	304.00	323.00	342.00	361.00	380.00	399.00	418.00	437.00	456.00	475.00	494.00	513.00	532.00	551.00	570.00	589.00	608.00	627.00	646.00	665.00	684.00	703.00	722.00	741.00	760.00	779.00	798.00	817.00	836.00	855.00	874.00	893.00	912.00	931.00	950.00	969.00	988.00	1007.00	1026.00	1045.00	1064.00	1083.00	1102.00	1121.00	1140.00	1159.00	1178.00	1197.00	1216.00	
20.00	40.00	60.00	80.00	100.00	120.00	140.00	160.00	180.00	200.00	220.00	240.00	260.00	280.00	300.00	320.00	340.00	360.00	380.00	400.00	420.00	440.00	460.00	480.00	500.00	520.00	540.00	560.00	580.00	600.00	620.00	640.00	660.00	680.00	700.00	720.00	740.00	760.00	780.00	800.00	820.00	840.00	860.00	880.00	900.00	920.00	940.00	960.00	980.00	1000.00	1020.00	1040.00	1060.00	1080.00	1100.00	1120.00	1140.00	1160.00	1180.00	1200.00	1220.00	1240.00	1260.00	1280.00	
21.00	42.00	63.00	84.00	105.00	126.00	147.00	168.00	189.00	210.00	231.00	252.00	273.00	294.00	315.00	336.00	357.00	378.00	399.00	420.00	441.00	462.00	483.00	504.00	525.00	546.00	567.00	588.00	609.00	630.00	651.00	672.00	693.00	714.00	735.00	756.00	777.00	798.00	819.00	840.00	861.00	882.00	903.00	924.00	945.00	966.00	987.00	1008.00	1029.00	1050.00	1071.00	1092.00	1113.00	1134.00	1155.00	1176.00	1197.00	1218.00	1239.00	1260.00	1281.00	1302.00	1323.00	1344.00	
22.00	44.00	66.00	88.00	110.00	132.00	154.00	176.00	198.00	220.00	242.00	264.00	286.00	308.00	330.00	352.00	374.00	396.00	418.00	440.00	462.00	484.00	506.00	528.00	550.00	572.00	594.00	616.00	638.00	660.00	682.00	704.00	726.00	748.00	770.00	792.00	814.00	836.00	858.00	880.00	902.00	924.00	946.00	968.00	990.00	1012.00	1034.00	1056.00	1078.00	1100.00	1122.00	1144.00	1166.00	1188.00	1210.00	1232.00	1254.00	1276.00	1298.00	1320.00	1342.00	1364.00	1386.00	1408.00	
23.00	46.00	69.00	92.00	115.00	138.00	161.00	184.00	207.00	230.00	253.00	276.00	299.00	322.00	345.00	368.00	391.00	414.00	437.00	460.00	483.00	506.00	529.00	552.00	575.00	598.00	621.00	644.00	667.00	690.00	713.00	736.00	759.00	782.00	805.00	828.00	851.00	874.00	897.00	920.00	943.00	966.00	989.00	1012.00	1035.00	1058.00	1081.00	1104.00	1127.00	1150.00	1173.00	1196.00	1219.00	1242.00	1265.00	1288.00	1311.00	1334.00	1357.00	1380.00	1403.00	1426.00	1449.00	1472.00	
24.00	48.00	72.00	96.00	120.00	144.00	168.00	192.00	216.00	240.00	264.00	288.00	312.00	336.00	360.00	384.00	408.00	432.00	456.00	480.00	504.00	528.00	552.00	576.00	600.00	624.00	648.00	672.00	696.00	720.00	744.00	768.00	792.00	816.00	840.00	864.00	888.00	912.00	936.00	960.00	984.00	1008.00	1032.00	1056.00	1080.00	1104.00	1128.00	1152.00	1176.00	1200.00	1224.00	1248.00	1272.00	1296.00	1320.00	1344.00	1368.00	1392.00	1416.00	1440.00	1464.00	1488.00	1512.00	1536.00	
25.00	50.00	75.00	100.00	125.00	150.00	175.00	200.00	225.00	250.00	275.00	300.00	325.00	350.00	375.00	400.00	425.00	450.00	475.00	500.00	525.00	550.00	575.00	600.00	625.00	650.00	675.00	700.00	725.00	750.00	775.00	800.00	825.00	850.00	875.00	900.00	925.00	950.00	975.00	1000.00	1025.00	1050.00	1075.00	1100.00	1125.00	1150.00	1175.00	1200.00	1225.00	1250.00	1275.00	1300.00	1325.00	1350.00	1375.00	1400.00	1425.00	1450.00	1475.00	1500.00	1525.00	1550.00	1575.00	1600.00	
26.00	52.00	78.00	104.00	130.00	156.00	182.00	208.00	234.00	260.00	286.00	312.00	338.00	364.00	390.00	416.00	442.00	468.00	494.00	520.00	546.00	572.00	598.00	624.00	650.00	676.00	702.00	728.00	754.00	780.00	806.00	832.00	858.00	884.00	910.00	936.00	962.00	988.00	1014.00	1040.00	1066.00	1092.00	1118.00	1144.00	1170.00	1196.00	1222.00	1248.00	1274.00	1300.00	1326.00	1352.00	1378.00	1404.00	1430.00	1456.00	1482.00	1508.00	1534.00	1560.00	1586.00	1612.00	1638.00	1664.00	
27.00	54.00	81.00	108.00	135.00	162.00	189.00	216.00	243.00	270.00	297.00	324.00	351.00	378.00	405.00	432.00	459.00	486.00	513.00	540.00	567.00	594.00	621.00	648.00	675.00	702.00	729.00	756.00	783.00	810.00	837.00	864.00	891.00	918.00	945.00	972.00	999.00	1026.00	1053.00	1080.00	1107.00	1134.00	1161.00	1188.00	1215.00	1242.00	1269.00	1296.00	1323.00	1350.00	1377.00	1404.00	1431.00	1458.00	1485.00	1512.00	1539.00	1566.00	1593.00	1620.00	1647.00	1674.00	1701.00	1728.00	
28.00	56.00	84.00	112.00	140.00	168.00	196.00	224.00	252.00	280.00	308.00	336.00	364.00	392.00	420.00	448.00	476.00	504.00	532.00	560.00	588.00	616.00	644.00	672.00	700.00	728.00	756.00	784.00	812.00	840.00	868.00	896.00	924.00	952.00	980.00	1008.00	1036.00	1064.00	1092.00	1120.00	1148.00	1176.00	1204.00	1232.00	1260.00	1288.00	1316.00	1344.00	1372.00	1400.00	1428.00	1456.00	1484.00	1512.00	1540.00	1568.00	1596.00	1624.00	1652.00	1680.00	1708.00	1736.00	1764.00	1792.00	
29.00	58.00	87.00	116.00	145.00	174.00	203.00	232.00	261.00	290.00	319.00	348.00	377.00	406.00	435.00	464.00	493.00	522.00	551.00	580.00	609.00	638.00	667.00	696.00	725.00	754.00	783.00	812.00	841.00	870.00	899.00	928.00	957.00	986.00	1015.00	1044.00	1073.00	1102.00	1131.00	1160.00	1189.00	1218.00	1247.00	1276.00	1305.00	1334.00	1363.00	1392.00	1421.00	1450.00	1479.00	1508.00	1537.00	1566.00	1595.00	1624.00	1653.00	1682.00	1711.00	1740.00	1769.00	1798.00	1827.00	1856.00	
30.00	60.00	90.00	120.00	150.00	180.00	210.00	240.00	270.00	300.00	330.00	360.00	390.00	420.00	450.00	480.00	510.00	540.00	570.00	600.00	630.00	660.00	690.00	720.00	750.00	780.00	810.00	840.00	870.00	900.00	930.00	960.00	990.00	1020.00	1050.00	1080.00	1110.00	1140.00	1170.00	1200.00	1230.00	1260.00	1290.00	1320.00	1350.00	1380.00	1410.00	1440.00	1470.00	1500.00	1530.00	1560.00	1590.00	1620.00	1650.00	1680.00	1710.00	1740.00	1770.00	1800.00	1830.00	1860.00	1890.00	1920.00	
31.00	62.00	93.00	124.00	155.00	186.00	217.00	248.00	279.00	310.00	341.00	372.00	403.00	434.00	465.00	496.00	527.00	558.00	589.00	620.00	651.00	682.00	713.00	744.00	775.00	806.00	837.00	868.00	899.00	930.00	961.00	992.00	1023.00	1054.00	1085.00	1116.00	1147.00	1178.00	1209.00	1240.00	1271.00	1302.00	1333.00	1364.00	1395.00	1426.00	1457.00	1488.00	1519.00	1550.00	1581.00	1612.00	1643.00	1674.00	1705.00	1736.00	1767.00	1798.00	1829.00	1860.00	1891.00	1922.00	1953.00	1984.00	
32.00	64.00	96.00	128.00	160.00	192.00	224.00	256.00	288.00	320.00	352.00	384.00	416.00	448.00	480.00	512.00	544.00	576.00	608.00	640.00	672.00	704.00	736.00	768.00	800.00	832.00	864.00	896.00	928.00	960.00	992.00	1024.00	1056.00	1088.00	1120.00	1152.00	1184.00	1216.00	1248.00	1280.00	1312.00	1344.00	1376.00	1408.00	1440.00	1472.00	1504.00	1536.00	1568.00	1600.00	1632.00	1664.00	1696.00	1728.00	1760.00	1792.00	1824.00	1856.00	1888.00	1920.00	1952.00	1984.00	2016.00	2048.00	
33.00	66.00	99.00	132.00	165.00	198.00	231.00	264.00	297.00	330.00	363.00	396.00	429.00	462.00	495.00	528.00	561.00	594.00	627.00	660.00	693.00	726.00	759.00	792.00	825.00	858.00	891.00	924.00	957.00	990.00	1023.00	1056.00	1089.00	1122.00	1155.00	1188.00	1221.00	1254.00	1287.00	1320.00	1353.00	1386.00	1419.00	1452.00	1485.00	1518.00	1551.00	1584.00	1617.00	1650.00	1683.00	1716.00	1749.00	1782.00	1815.00	1848.00	1881.00	1914.00	1947.00	1980.00	2013.00	2046.00	2079.00	2112.00	
34.00	68.00	102.00	136.00	170.00	204.00	238.00	272.00	306.00	340.00	374.00	408.00	442.00	476.00	510.00	544.00	578.00	612.00	646.00	680.00	714.00	748.00	782.00	816.00	850.00	884.00	918.00	952.00	986.00	1020.00	1054.00	1088.00	1122.00	1156.00	1190.00	1224.00	1258.00	1292.00	1326.00	1360.00	1394.00	1428.00	1462.00	1496.00	1530.00	1564.00	1598.00	1632.00	1666.00	1700.00	1734.00	1768.00	1802.00	1836.00	1870.00	1904.00	1938.00	1972.00	2006.00	2040.00	2074.00	2108.00	2142.00	2176.00	
35.00	70.00	105.00	140.00	175.00	210.00	245.00	280.00	315.00	350.00	385.00	420.00	455.00	490.00	525.00	560.00	595.00	630.00	665.00	700.00	735.00	770.00	805.00	840.00	875.00	910.00	945.00	980.00	1015.00	1050.00	1085.00	1120.00	1155.00	1190.00	1225.00	1260.00	1295.00	1330.00	1365.00	1400.00	1435.00	1470.00	1505.00	1540.00	1575.00	1610.00	1645.00	1680.00	1715.00	1750.00	1785.00	1820.00	1855.00	1890.00	1925.00	1960.00	1995.00	2030.00	2065.00	2100.00	2135.00	2170.00	2205.00	2240.00	
36.00	72.00	108.00	144.00	180.00	216.00	252.00	288.00	324.00	360.00	396.00	432.00	468.00	504.00	540.00	576.00	612.00	648.00	684.00	720.00	756.00	792.00	828.00	864.00	900.00	936.00	972.00	1008.00	1044.00	1080.00	1116.00	1152.00	1188.00	1224.00	1260.00	1296.00	1332.00	1368.00	1404.00	1440.00	1476.00	1512.00	1548.00	1584.00	1620.00	1656.00	1692.00	1728.00	1764.00	1800.00	1836.00	1872.00	1908.00	1944.00	1980.00	2016.00	2052.00	2088.00	2124.00	2160.00	2196.00	2232.00	2268.00	2304.00	
37.00	74.00	111.00	148.00	185.00	222.00	259.00	296.00	333.00	370.00	407.00	444.00	481.00	518.00	555.00	592.00	629.00	666.00	703.00	740.00	777.00	814.00	851.00	888.00	925.00	962.00	999.00	1036.00	1073.00	1110.00	1147.00	1184.00	1221.00	1258.00	1295.00	1332.00	1369.00	1406.00	1443.00	1480.00	1517.00	1554.00	1591.00	1628.00	1665.00	1702.00	1739.00	1776.00	1813.00	1850.00	1887.00	1924.00	1961.00	1998.00	2035.00	2072.00	2109.00	2146.00	2183.00	2220.00	2257.00	2294.00	2331.00	2368.00	
38.00	76.00	114.00	152.00	190.00	228.00	266.00	304.00	342.00	380.00	418.00	456.00	494.00	532.00	570.00	608.00	646.00	684.00	722.00	760.00	798.00	836.00	874.00	912.00	950.00	988.00	1026.00	1064.00	1102.00	1140.00	1178.00	1216.00	1254.00	1292.00	1330.00	1368.00	1406.00	1444.00	1482.00	1520.00	1558.00	1596.00	1634.00	1672.00	1710.00	1748.00	1786.00	1824.00	1862.00	1900.00	1938.00	1976.00	2014.00	2052.00	2090.00	2128.00	2166.00	2204.00	2242.00	2280.00	2318.00	2356.00	2394.00	2432.00	
39.00	78.00	117.00	156.00	195.00	234.00	273.00	312.00	351.00	390.00	429.00	468.00	507.00	546.00	585.00	624.00	663.00	702.00	741.00	780.00	819.00	858.00	897.00	936.00	975.00	1014.00	1053.00	1092.00	1131.00	1170.00	1209.00	1248.00	1287.00	1326.00	1365.00	1404.00	1443.00	1482.00	1521.00	1560.00	1599.00	1638.00	1677.00	1716.00	1755.00	1794.00	1833.00	1872.00	1911.00	1950.00	1989.00	2028.00	2067.00	2106.00	2145.00	2184.00	2223.00	2262.00	2301.00	2340.00	2379.00	2418.00	2457.00	2496.00	
40.00	80.00	120.00	160.00	200.00	240.00	280.00	320.00	360.00	400.00	440.00	480.00	520.00	560.00	600.00	640.00	680.00	720.00	760.00	800.00	840.00	880.00	920.00	960.00	1000.00	1040.00	1080.00	1120.00	1160.00	1200.00	1240.00	1280.00	1320.00	1360.00	1400.00	1440.00	1480.00	1520.00	1560.00	1600.00	1640.00	1680.00	1720.00	1760.00	1800.00	1840.00	1880.00	1920.00	1960.00	2000.00	2040.00	2080.00	2120.00	2160.00	2200.00	2240.00	2280.00	2320.00	2360.00	2400.00	2440.00	2480.00	2520.00	2560.00	
41.00	82.00	123.00	164.00	205.00	246.00	287.00	328.00	369.00	410.00	451.00	492.00	533.00	574.00	615.00	656.00	697.00	738.00	779.00	820.00	861.00	902.00	943.00	984.00	1025.00	1066.00	1107.00	1148.00	1189.00	1230.00	1271.00	1312.00	1353.00	1394.00	1435.00	1476.00	1517.00	1558.00	1599.00	1640.00	1681.00	1722.00	1763.00	1804.00	1845.00	1886.00	1927.00	1968.00	2009.00	2050.00	2091.00	2132.00	2173.00	2214.00	2255.00	2296.00	2337.00	2378.00	2419.00	2460.00	2501.00	2542.00	2583.00	2624.00	
42.00	84.00	126.00	168.00	210.00	252.00	294.00	336.00	378.00	420.00	462.00	504.00	546.00	588.00	630.00	672.00	714.00	756.00	798.00	840.00	882.00	924.00	966.00	1008.00	1050.00	1092.00	1134.00	1176.00	1218.00	1260.00	1302.00	1344.00	1386.00	1428.00	1470.00	1512.00	1554.00	1596.00	1638.00	1680.00	1722.00	1764.00	1806.00	1848.00	1890.00	1932.00	1974.00	2016.00	2058.00	2100.00	2142.00	2184.00	2226.00	2268.00	2310.00	2352.00	2394.00	2436.00	2478.00	2520.00	2562.00	2604.00	2646.00	2688.00	
43.00	86.00	129.00	172.00	215.00	258.00	301.00	344.00	387.00	430.00	473.00	516.00	559.00	602.00	645.00	688.00	731.00	774.00	817.00	860.00	903.00	946.00	989.00	1032.00	1075.00	1118.00	1161.00	1204.00	1247.00	1290.00	1333.00	1376.00	1419.00	1462.00	1505.00	1548.00	1591.00	1634.00	1677.00	1720.00	1763.00	1806.00	1849.00	1892.00	1935.00	1978.00	2021.00	2064.00	2107.00	2150.00	2193.00	2236.00	2279.00	2322.00	2365.00	2408.00	2451.00	2494.00	2537.00	2580.00	2623.00	2666.00	2709.00	2752.00	
44.00	88.00	132.00	176.00	220.00	264.00	308.00	352.00	396.00	440.00	484.00	528.00	572.00	616.00	660.00	704.00	748.00	792.00	836.00	880.00	924.00	968.00	1012.00	1056.00	1100.00	1144.00	1188.00	1232.00	1276.00	1320.00	1364.00	1408.00	1452.00	1496.00	1540.00	1584.00	1628.00	1672.00	1716.00	1760.00	1804.00	1848.00	1892.00	1936.00	1980.00	2024.00	2068.00	2112.00	2156.00	2200.00	2244.00	2288.00	2332.00	2376.00	2420.00	2464.00	2508.00	2552.00	2596.00	2640.00	2684.00	2728.00	2772.00	2816.00	
45.00	90.00	135.00	180.00	225.00	270.00	315.00	360.00	405.00	450.00	495.00	540.00	585.00	630.00	675.00	720.00	765.00	810.00	855.00	900.00	945.00	990.00	1035.00	1080.00	1125.00	1170.00	1215.00	1260.00	1305.00	1350.00	1395.00	1440.00	1485.00	1530.00	1575.00	1620.00	1665.00	1710.00	1755.00	1800.00	1845.00	1890.00	1935.00	1980.00	2025.00	2070.00	2115.00	2160.00	2205.00	2250.00	2295.00	2340.00	2385.00	2430.00	2475.00	2520.00	2565.00	2610.00	2655.00	2700.00	2745.00	2790.00	2835.00	2880.00	
46.00	92.00	138.00	184.00	230.00	276.00	322.00	368.00	414.00	460.00	506.00	552.00	598.00	644.00	690.00	736.00	782.00	828.00	874.00	920.00	966.00	1012.00	1058.00	1104.00	1150.00	1196.00	1242.00	1288.00	1334.00	1380.00	1426.00	1472.00	1518.00	1564.00	1610.00	1656.00	1702.00	1748.00	1794.00	1840.00	1886.00	1932.00	1978.00	2024.00	2070.00	2116.00	2162.00	2208.00	2254.00	2300.00	2346.00	2392.00	2438.00	2484.00	2530.00	2576.00	2622.00	2668.00	2714.00	2760.00	2806.00	2852.00	2898.00	2944.00	
47.00	94.00	141.00	188.00	235.00	282.00	329.00	376.00	423.00	470.00	517.00	564.00	611.00	658.00	705.00	752.00	799.00	846.00	893.00	940.00	987.00	1034.00	1081.00	1128.00	1175.00	1222.00	1269.00	1316.00	1363.00	1410.00	1457.00	1504.00	1551.00	1598.00	1645.00	1692.00	1739.00	1786.00	1833.00	1880.00	1927.00	1974.00	2021.00	2068.00	2115.00	2162.00	2209.00	2256.00	2303.00	2350.00	2397.00	2444.00	2491.00	2538.00	2585.00	2632.00	2679.00	2726.00	2773.00	2820.00	2867.00	2914.00	2961.00	3008.00	
48.00	96.00	144.00	192.00	240.00	288.00	336.00	384.00	432.00	480.00	528.00	576.00	624.00	672.00	720.00	768.00	816.00	864.00	912.00	960.00	1008.00	1056.00	1104.00	1152.00	1200.00	1248.00	1296.00	1344.00	1392.00	1440.00	1488.00	1536.00	1584.00	1632.00	1680.00	1728.00	1776.00	1824.00	1872.00	1920.00	1968.00	2016.00	2064.00	2112.00	2160.00	2208.00	2256.00	2304.00	2352.00	2400.00	2448.00	2496.00	2544.00	2592.00	2640.00	2688.00	2736.00	2784.00	2832.00	2880.00	2928.00	2976.00	3024.00	3072.00	
49.00	98.00	147.00	196.00	245.00	294.00	343.00	392.00	441.00	490.00	539.00	588.00	637.00	686.00	735.00	784.00	833.00	882.00	931.00	980.00	1029.00	1078.00	1127.00	1176.00	1225.00	1274.00	1323.00	1372.00	1421.00	1470.00	1519.00	1568.00	1617.00	1666.00	1715.00	1764.00	1813.00	1862.00	1911.00	1960.00	2009.00	2058.00	2107.00	2156.00	2205.00	2254.00	2303.00	2352.00	2401.00	2450.00	2499.00	2548.00	2597.00	2646.00	2695.00	2744.00	2793.00	2842.00	2891.00	2940.00	2989.00	3038.00	3087.00	3136.00	
50.00	100.00	150.00	200.00	250.00	300.00	350.00	400.00	450.00	500.00	550.00	600.00	650.00	700.00	750.00	800.00	850.00	900.00	950.00	1000.00	1050.00	1100.00	1150.00	1200.00	1250.00	1300.00	1350.00	1400.00	1450.00	1500.00	1550.00	1600.00	1650.00	1700.00	1750.00	1800.00	1850.00	1900.00	1950.00	2000.00	2050.00	2100.00	2150.00	2200.00	2250.00	2300.00	2350.00	2400.00	2450.00	2500.00	2550.00	2600.00	2650.00	2700.00	2750.00	2800.00	2850.00	2900.00	2950.00	3000.00	3050.00	3100.00	3150.00	3200.00	
51.00	102.00	153.00	204.00	255.00	306.00	357.00	408.00	459.00	510.00	561.00	612.00	663.00	714.00	765.00	816.00	867.00	918.00	969.00	1020.00	1071.00	1122.00	1173.00	1224.00	1275.00	1326.00	1377.00	1428.00	1479.00	1530.00	1581.00	1632.00	1683.00	1734.00	1785.00	1836.00	1887.00	1938.00	1989.00	2040.00	2091.00	2142.00	2193.00	2244.00	2295.00	2346.00	2397.00	2448.00	2499.00	2550.00	2601.00	2652.00	2703.00	2754.00	2805.00	2856.00	2907.00	2958.00	3009.00	3060.00	3111.00	3162.00	3213.00	3264.00	
52.00	104.00	156.00	208.00	260.00	312.00	364.00	416.00	468.00	520.00	572.00	624.00	676.00	728.00	780.00	832.00	884.00	936.00	988.00	1040.00	1092.00	1144.00	1196.00	1248.00	1300.00	1352.00	1404.00	1456.00	1508.00	1560.00	1612.00	1664.00	1716.00	1768.00	1820.00	1872.00	1924.00	1976.00	2028.00	2080.00	2132.00	2184.00	2236.00	2288.00	2340.00	2392.00	2444.00	2496.00	2548.00	2600.00	2652.00	2704.00	2756.00	2808.00	2860.00	2912.00	2964.00	3016.00	3068.00	3120.00	3172.00	3224.00	3276.00	3328.00	
53.00	106.00	159.00	212.00	265.00	318.00	371.00	424.00	477.00	530.00	583.00	636.00	689.00	742.00	795.00	848.00	901.00	954.00	1007.00	1060.00	1113.00	1166.00	1219.00	1272.00	1325.00	1378.00	1431.00	1484.00	1537.00	1590.00	1643.00	1696.00	1749.00	1802.00	1855.00	1908.00	1961.00	2014.00	2067.00	2120.00	2173.00	2226.00	2279.00	2332.00	2385.00	2438.00	2491.00	2544.00	2597.00	2650.00	2703.00	2756.00	2809.00	2862.00	2915.00	2968.00	3021.00	3074.00	3127.00	3180.00	3233.00	3286.00	3339.00	3392.00	
54.00	108.00	162.00	216.00	270.00	324.00	378.00	432.00	486.00	540.00	594.00	648.00	702.00	756.00	810.00	864.00	918.00	972.00	1026.00	1080.00	1134.00	1188.00	1242.00	1296.00	1350.00	1404.00	1458.00	1512.00	1566.00	1620.00	1674.00	1728.00	1782.00	1836.00	1890.00	1944.00	1998.00	2052.00	2106.00	2160.00	2214.00	2268.00	2322.00	2376.00	2430.00	2484.00	2538.00	2592.00	2646.00	2700.00	2754.00	2808.00	2862.00	2916.00	2970.00	3024.00	3078.00	3132.00	3186.00	3240.00	3294.00	3348.00	3402.00	3456.00	
55.00	110.00	165.00	220.00	275.00	330.00	385.00	440.00	495.00	550.00	605.00	660.00	715.00	770.00	825.00	880.00	935.00	990.00	1045.00	1100.00	1155.00	1210.00	1265.00	1320.00	1375.00	1430.00	1485.00	1540.00	1595.00	1650.00	1705.00	1760.00	1815.00	1870.00	1925.00	1980.00	2035.00	2090.00	2145.00	2200.00	2255.00	2310.00	2365.00	2420.00	2475.00	2530.00	2585.00	2640.00	2695.00	2750.00	2805.00	2860.00	2915.00	2970.00	3025.00	3080.00	3135.00	3190.00	3245.00	3300.00	3355.00	3410.00	3465.00	3520.00	
56.00	112.00	168.00	224.00	280.00	336.00	392.00	448.00	504.00	560.00	616.00	672.00	728.00	784.00	840.00	896.00	952.00	1008.00	1064.00	1120.00	1176.00	1232.00	1288.00	1344.00	1400.00	1456.00	1512.00	1568.00	1624.00	1680.00	1736.00	1792.00	1848.00	1904.00	1960.00	2016.00	2072.00	2128.00	2184.00	2240.00	2296.00	2352.00	2408.00	2464.00	2520.00	2576.00	2632.00	2688.00	2744.00	2800.00	2856.00	2912.00	2968.00	3024.00	3080.00	3136.00	3192.00	3248.00	3304.00	3360.00	3416.00	3472.00	3528.00	3584.00	
57.00	114.00	171.00	228.00	285.00	342.00	399.00	456.00	513.00	570.00	627.00	684.00	741.00	798.00	855.00	912.00	969.00	1026.00	1083.00	1140.00	1197.00	1254.00	1311.00	1368.00	1425.00	1482.00	1539.00	1596.00	1653.00	1710.00	1767.00	1824.00	1881.00	1938.00	1995.00	2052.00	2109.00	2166.00	2223.00	2280.00	2337.00	2394.00	2451.00	2508.00	2565.00	2622.00	2679.00	2736.00	2793.00	2850.00	2907.00	2964.00	3021.00	3078.00	3135.00	3192.00	3249.00	3306.00	3363.00	3420.00	3477.00	3534.00	3591.00	3648.00	
58.00	116.00	174.00	232.00	290.00	348.00	406.00	464.00	522.00	580.00	638.00	696.00	754.00	812.00	870.00	928.00	986.00	1044.00	1102.00	1160.00	1218.00	1276.00	1334.00	1392.00	1450.00	1508.00	1566.00	1624.00	1682.00	1740.00	1798.00	1856.00	1914.00	1972.00	2030.00	2088.00	2146.00	2204.00	2262.00	2320.00	2378.00	2436.00	2494.00	2552.00	2610.00	2668.00	2726.00	2784.00	2842.00	2900.00	2958.00	3016.00	3074.00	3132.00	3190.00	3248.00	3306.00	3364.00	3422.00	3480.00	3538.00	3596.00	3654.00	3712.00	
59.00	118.00	177.00	236.00	295.00	354.00	413.00	472.00	531.00	590.00	649.00	708.00	767.00	826.00	885.00	944.00	1003.00	1062.00	1121.00	1180.00	1239.00	1298.00	1357.00	1416.00	1475.00	1534.00	1593.00	1652.00	1711.00	1770.00	1829.00	1888.00	1947.00	2006.00	2065.00	2124.00	2183.00	2242.00	2301.00	2360.00	2419.00	2478.00	2537.00	2596.00	2655.00	2714.00	2773.00	2832.00	2891.00	2950.00	3009.00	3068.00	3127.00	3186.00	3245.00	3304.00	3363.00	3422.00	3481.00	3540.00	3599.00	3658.00	3717.00	3776.00	
60.00	120.00	180.00	240.00	300.00	360.00	420.00	480.00	540.00	600.00	660.00	720.00	780.00	840.00	900.00	960.00	1020.00	1080.00	1140.00	1200.00	1260.00	1320.00	1380.00	1440.00	1500.00	1560.00	1620.00	1680.00	1740.00	1800.00	1860.00	1920.00	1980.00	2040.00	2100.00	2160.00	2220.00	2280.00	2340.00	2400.00	2460.00	2520.00	2580.00	2640.00	2700.00	2760.00	2820.00	2880.00	2940.00	3000.00	3060.00	3120.00	3180.00	3240.00	3300.00	3360.00	3420.00	3480.00	3540.00	3600.00	3660.00	3720.00	3780.00	3840.00	
61.00	122.00	183.00	244.00	305.00	366.00	427.00	488.00	549.00	610.00	671.00	732.00	793.00	854.00	915.00	976.00	1037.00	1098.00	1159.00	1220.00	1281.00	1342.00	1403.00	1464.00	1525.00	1586.00	1647.00	1708.00	1769.00	1830.00	1891.00	1952.00	2013.00	2074.00	2135.00	2196.00	2257.00	2318.00	2379.00	2440.00	2501.00	2562.00	2623.00	2684.00	2745.00	2806.00	2867.00	2928.00	2989.00	3050.00	3111.00	3172.00	3233.00	3294.00	3355.00	3416.00	3477.00	3538.00	3599.00	3660.00	3721.00	3782.00	3843.00	3904.00	
62.00	124.00	186.00	248.00	310.00	372.00	434.00	496.00	558.00	620.00	682.00	744.00	806.00	868.00	930.00	992.00	1054.00	1116.00	1178.00	1240.00	1302.00	1364.00	1426.00	1488.00	1550.00	1612.00	1674.00	1736.00	1798.00	1860.00	1922.00	1984.00	2046.00	2108.00	2170.00	2232.00	2294.00	2356.00	2418.00	2480.00	2542.00	2604.00	2666.00	2728.00	2790.00	2852.00	2914.00	2976.00	3038.00	3100.00	3162.00	3224.00	3286.00	3348.00	3410.00	3472.00	3534.00	3596.00	3658.00	3720.00	3782.00	3844.00	3906.00	3968.00	
63.00	126.00	189.00	252.00	315.00	378.00	441.00	504.00	567.00	630.00	693.00	756.00	819.00	882.00	945.00	1008.00	1071.00	1134.00	1197.00	1260.00	1323.00	1386.00	1449.00	1512.00	1575.00	1638.00	1701.00	1764.00	1827.00	1890.00	1953.00	2016.00	2079.00	2142.00	2205.00	2268.00	2331.00	2394.00	2457.00	2520.00	2583.00	2646.00	2709.00	2772.00	2835.00	2898.00	2961.00	3024.00	3087.00	3150.00	3213.00	3276.00	3339.00	3402.00	3465.00	3528.00	3591.00	3654.00	3717.00	3780.00	3843.00	3906.00	3969.00	4032.00	
64.00	128.00	192.00	256.00	320.00	384.00	448.00	512.00	576.00	640.00	704.00	768.00	832.00	896.00	960.00	1024.00	1088.00	1152.00	1216.00	1280.00	1344.00	1408.00	1472.00	1536.00	1600.00	1664.00	1728.00	1792.00	1856.00	1920.00	1984.00	2048.00	2112.00	2176.00	2240.00	2304.00	2368.00	2432.00	2496.00	2560.00	2624.00	2688.00	2752.00	2816.00	2880.00	2944.00	3008.00	3072.00	3136.00	3200.00	3264.00	3328.00	3392.00	3456.00	3520.00	3584.00	3648.00	3712.00	3776.00	3840.00	3904.00	3968.00	4032.00	4096.00	

1.00	0.50	0.33	0.25	0.20	0.17	0.14	0.12	0.11	0.10	0.09	0.08	0.08	0.07	0.07	0.06	0.06	0.06	0.05	0.05	0.05	0.05	0.04	0.04	0.04	0.04	0.04	0.04	0.03	0.03	0.03	0.03	0.03	0.03	0.03	0.03	0.03	0.03	0.03	0.03	0.02	0.02	0.02	0.02	0.02	0.02	0.02	0.02	0.02	0.02	0.02	0.02	0.02	0.02	0.02	0.02	0.02	0.02	0.02	0.02	0.02	0.02	0.02	0.02	
0.50	0.25	0.17	0.12	0.10	0.08	0.07	0.06	0.06	0.05	0.05	0.04	0.04	0.04	0.03	0.03	0.03	0.03	0.03	0.03	0.02	0.02	0.02	0.02	0.02	0.02	0.02	0.02	0.02	0.02	0.02	0.02	0.02	0.01	0.01	0.01	0.01	0.01	0.01	0.01	0.01	0.01	0.01	0.01	0.01	0.01	0.01	0.01	0.01	0.01	0.01	0.01	0.01	0.01	0.01	0.01	0.01	0.01	0.01	0.01	0.01	0.01	0.01	0.01	
0.33	0.17	0.11	0.08	0.07	0.06	0.05	0.04	0.04	0.03	0.03	0.03	0.03	0.02	0.02	0.02	0.02	0.02	0.02	0.02	0.02	0.02	0.01	0.01	0.01	0.01	0.01	0.01	0.01	0.01	0.01	0.01	0.01	0.01	0.01	0.01	0.01	0.01	0.01	0.01	0.01	0.01	0.01	0.01	0.01	0.01	0.01	0.01	0.01	0.01	0.01	0.01	0.01	0.01	0.01	0.01	0.01	0.01	0.01	0.01	0.01	0.01	0.01	0.01	
0.25	0.12	0.08	0.06	0.05	0.04	0.04	0.03	0.03	0.03	0.02	0.02	0.02	0.02	0.02	0.02	0.01	0.01	0.01	0.01	0.01	0.01	0.01	0.01	0.01	0.01	0.01	0.01	0.01	0.01	0.01	0.01	0.01	0.01	0.01	0.01	0.01	0.01	0.01	0.01	0.01	0.01	0.01	0.01	0.01	0.01	0.01	0.01	0.01	0.00	0.00	0.00	0.00	0.00	0.00	0.00	0.00	0.00	0.00	0.00	0.00	0.00	0.00	0.00	
0.20	0.10	0.07	0.05	0.04	0.03	0.03	0.03	0.02	0.02	0.02	0.02	0.02	0.01	0.01	0.01	0.01	0.01	0.01	0.01	0.01	0.01	0.01	0.01	0.01	0.01	0.01	0.01	0.01	0.01	0.01	0.01	0.01	0.01	0.01	0.01	0.01	0.01	0.01	0.00	0.00	0.00	0.00	0.00	0.00	0.00	0.00	0.00	0.00	0.00	0.00	0.00	0.00	0.00	0.00	0.00	0.00	0.00	0.00	0.00	0.00	0.00	0.00	0.00	
0.17	0.08	0.06	0.04	0.03	0.03	0.02	0.02	0.02	0.02	0.02	0.01	0.01	0.01	0.01	0.01	0.01	0.01	0.01	0.01	0.01	0.01	0.01	0.01	0.01	0.01	0.01	0.01	0.01	0.01	0.01	0.01	0.01	0.00	0.00	0.00	0.00	0.00	0.00	0.00	0.00	0.00	0.00	0.00	0.00	0.00	0.00	0.00	0.00	0.00	0.00	0.00	0.00	0.00	0.00	0.00	0.00	0.00	0.00	0.00	0.00	0.00	0.00	0.00	
0.14	0.07	0.05	0.04	0.03	0.02	0.02	0.02	0.02	0.01	0.01	0.01	0.01	0.01	0.01	0.01	0.01	0.01	0.01	0.01	0.01	0.01	0.01	0.01	0.01	0.01	0.01	0.01	0.00	0.00	0.00	0.00	0.00	0.00	0.00	0.00	0.00	0.00	0.00	0.00	0.00	0.00	0.00	0.00	0.00	0.00	0.00	0.00	0.00	0.00	0.00	0.00	0.00	0.00	0.00	0.00	0.00	0.00	0.00	0.00	0.00	0.00	0.00	0.00	
0.12	0.06	0.04	0.03	0.03	0.02	0.02	0.02	0.01	0.01	0.01	0.01	0.01	0.01	0.01	0.01	0.01	0.01	0.01	0.01	0.01	0.01	0.01	0.01	0.00	0.00	0.00	0.00	0.00	0.00	0.00	0.00	0.00	0.00	0.00	0.00	0.00	0.00	0.00	0.00	0.00	0.00	0.00	0.00	0.00	0.00	0.00	0.00	0.00	0.00	0.00	0.00	0.00	0.00	0.00	0.00	0.00	0.00	0.00	0.00	0.00	0.00	0.00	0.00	
0.11	0.06	0.04	0.03	0.02	0.02	0.02	0.01	0.01	0.01	0.01	0.01	0.01	0.01	0.01	0.01	0.01	0.01	0.01	0.01	0.01	0.01	0.00	0.00	0.00	0.00	0.00	0.00	0.00	0.00	0.00	0.00	0.00	0.00	0.00	0.00	0.00	0.00	0.00	0.00	0.00	0.00	0.00	0.00	0.00	0.00	0.00	0.00	0.00	0.00	0.00	0.00	0.00	0.00	0.00	0.00	0.00	0.00	0.00	0.00	0.00	0.00	0.00	0.00	
0.10	0.05	0.03	0.03	0.02	0.02	0.01	0.01	0.01	0.01	0.01	0.01	0.01	0.01	0.01	0.01	0.01	0.01	0.01	0.00	0.00	0.00	0.00	0.00	0.00	0.00	0.00	0.00	0.00	0.00	0.00	0.00	0.00	0.00	0.00	0.00	0.00	0.00	0.00	0.00	0.00	0.00	0.00	0.00	0.00	0.00	0.00	0.00	0.00	0.00	0.00	0.00	0.00	0.00	0.00	0.00	0.00	0.00	0.00	0.00	0.00	0.00	0.00	0.00	
0.09	0.05	0.03	0.02	0.02	0.02	0.01	0.01	0.01	0.01	0.01	0.01	0.01	0.01	0.01	0.01	0.01	0.01	0.00	0.00	0.00	0.00	0.00	0.00	0.00	0.00	0.00	0.00	0.00	0.00	0.00	0.00	0.00	0.00	0.00	0.00	0.00	0.00	0.00	0.00	0.00	0.00	0.00	0.00	0.00	0.00	0.00	0.00	0.00	0.00	0.00	0.00	0.00	0.00	0.00	0.00	0.00	0.00	0.00	0.00	0.00	0.00	0.00	0.00	
0.08	0.04	0.03	0.02	0.02	0.01	0.01	0.01	0.01	0.01	0.01	0.01	0.01	0.01	0.01	0.01	0.00	0.00	0.00	0.00	0.00	0.00	0.00	0.00	0.00	0.00	0.00	0.00	0.00	0.00	0.00	0.00	0.00	0.00	0.00	0.00	0.00	0.00	0.00	0.00	0.00	0.00	0.00	0.00	0.00	0.00	0.00	0.00	0.00	0.00	0.00	0.00	0.00	0.00	0.00	0.00	0.00	0.00	0.00	0.00	0.00	0.00	0.00	0.00	
0.08	0.04	0.03	0.02	0.02	0.01	0.01	0.01	0.01	0.01	0.01	0.01	0.01	0.01	0.01	0.00	0.00	0.00	0.00	0.00	0.00	0.00	0.00	0.00	0.00	0.00	0.00	0.00	0.00	0.00	0.00	0.00	0.00	0.00	0.00	0.00	0.00	0.00	0.00	0.00	0.00	0.00	0.00	0.00	0.00	0.00	0.00	0.00	0.00	0.00	0.00	0.00	0.00	0.00	0.00	0.00	0.00	0.00	0.00	0.00	0.00	0.00	0.00	0.00	
0.07	0.04	0.02	0.02	0.01	0.01	0.01	0.01	0.01	0.01	0.01	0.01	0.01	0.01	0.00	0.00	0.00	0.00	0.00	0.00	0.00	0.00	0.00	0.00	0.00	0.00	0.00	0.00	0.00	0.00	0.00	0.00	0.00	0.00	0.00	0.00	0.00	0.00	0.00	0.00	0.00	0.00	0.00	0.00	0.00	0.00	0.00	0.00	0.00	0.00	0.00	0.00	0.00	0.00	0.00	0.00	0.00	0.00	0.00	0.00	0.00	0.00	0.00	0.00	
0.07	0.03	0.02	0.02	0.01	0.01	0.01	0.01	0.01	0.01	0.01	0.01	0.01	0.00	0.00	0.00	0.00	0.00	0.00	0.00	0.00	0.00	0.00	0.00	0.00	0.00	0.00	0.00	0.00	0.00	0.00	0.00	0.00	0.00	0.00	0.00	0.00	0.00	0.00	0.00	0.00	0.00	0.00	0.00	0.00	0.00	0.00	0.00	0.00	0.00	0.00	0.00	0.00	0.00	0.00	0.00	0.00	0.00	0.00	0.00	0.00	0.00	0.00	0.00	
0.06	0.03	0.02	0.02	0.01	0.01	0.01	0.01	0.01	0.01	0.01	0.01	0.00	0.00	0.00	0.00	0.00	0.00	0.00	0.00	0.00	0.00	0.00	0.00	0.00	0.00	0.00	0.00	0.00	0.00	0.00	0.00	0.00	0.00	0.00	0.00	0.00	0.00	0.00	0.00	0.00	0.00	0.00	0.00	0.00	0.00	0.00	0.00	0.00	0.00	0.00	0.00	0.00	0.00	0.00	0.00	0.00	0.00	0.00	0.00	0.00	0.00	0.00	0.00	
0.06	0.03	0.02	0.01	0.01	0.01	0.01	0.01	0.01	0.01	0.01	0.00	0.00	0.00	0.00	0.00	0.00	0.00	0.00	0.00	0.00	0.00	0.00	0.00	0.00	0.00	0.00	0.00	0.00	0.00	0.00	0.00	0.00	0.00	0.00	0.00	0.00	0.00	0.00	0.00	0.00	0.00	0.00	0.00	0.00	0.00	0.00	0.00	0.00	0.00	0.00	0.00	0.00	0.00	0.00	0.00	0.00	0.00	0.00	0.00	0.00	0.00	0.00	0.00	
0.06	0.03	0.02	0.01	0.01	0.01	0.01	0.01	0.01	0.01	0.01	0.00	0.00	0.00	0.00	0.00	0.00	0.00	0.00	0.00	0.00	0.00	0.00	0.00	0.00	0.00	0.00	0.00	0.00	0.00	0.00	0.00	0.00	0.00	0.00	0.00	0.00	0.00	0.00	0.00	0.00	0.00	0.00	0.00	0.00	0.00	0.00	0.00	0.00	0.00	0.00	0.00	0.00	0.00	0.00	0.00	0.00	0.00	0.00	0.00	0.00	0.00	0.00	0.00	
0.05	0.03	0.02	0.01	0.01	0.01	0.01	0.01	0.01	0.01	0.00	0.00	0.00	0.00	0.00	0.00	0.00	0.00	0.00	0.00	0.00	0.00	0.00	0.00	0.00	0.00	0.00	0.00	0.00	0.00	0.00	0.00	0.00	0.00	0.00	0.00	0.00	0.00	0.00	0.00	0.00	0.00	0.00	0.00	0.00	0.00	0.00	0.00	0.00	0.00	0.00	0.00	0.00	0.00	0.00	0.00	0.00	0.00	0.00	0.00	0.00	0.00	0.00	0.00	
0.05	0.03	0.02	0.01	0.01	0.01	0.01	0.01	0.01	0.00	0.00	0.00	0.00	0.00	0.00	0.00	0.00	0.00	0.00	0.00	0.00	0.00	0.00	0.00	0.00	0.00	0.00	0.00	0.00	0.00	0.00	0.00	0.00	0.00	0.00	0.00	0.00	0.00	0.00	0.00	0.00	0.00	0.00	0.00	0.00	0.00	0.00	0.00	0.00	0.00	0.00	0.00	0.00	0.00	0.00	0.00	0.00	0.00	0.00	0.00	0.00	0.00	0.00	0.00	
0.05	0.02	0.02	0.01	0.01	0.01	0.01	0.01	0.01	0.00	0.00	0.00	0.00	0.00	0.00	0.00	0.00	0.00	0.00	0.00	0.00	0.00	0.00	0.00	0.00	0.00	0.00	0.00	0.00	0.00	0.00	0.00	0.00	0.00	0.00	0.00	0.00	0.00	0.00	0.00	0.00	0.00	0.00	0.00	0.00	0.00	0.00	0.00	0.00	0.00	0.00	0.00	0.00	0.00	0.00	0.00	0.00	0.00	0.00	0.00	0.00	0.00	0.00	0.00	
0.05	0.02	0.02	0.01	0.01	0.01	0.01	0.01	0.01	0.00	0.00	0.00	0.00	0.00	0.00	0.00	0.00	0.00	0.00	0.00	0.00	0.00	0.00	0.00	0.00	0.00	0.00	0.00	0.00	0.00	0.00	0.00	0.00	0.00	0.00	0.00	0.00	0.00	0.00	0.00	0.00	0.00	0.00	0.00	0.00	0.00	0.00	0.00	0.00	0.00	0.00	0.00	0.00	0.00	0.00	0.00	0.00	0.00	0.00	0.00	0.00	0.00	0.00	0.00	
0.04	0.02	0.01	0.01	0.01	0.01	0.01	0.01	0.00	0.00	0.00	0.00	0.00	0.00	0.00	0.00	0.00	0.00	0.00	0.00	0.00	0.00	0.00	0.00	0.00	0.00	0.00	0.00	0.00	0.00	0.00	0.00	0.00	0.00	0.00	0.00	0.00	0.00	0.00	0.00	0.00	0.00	0.00	0.00	0.00	0.00	0.00	0.00	0.00	0.00	0.00	0.00	0.00	0.00	0.00	0.00	0.00	0.00	0.00	0.00	0.00	0.00	0.00	0.00	
0.04	0.02	0.01	0.01	0.01	0.01	0.01	0.01	0.00	0.00	0.00	0.00	0.00	0.00	0.00	0.00	0.00	0.00	0.00	0.00	0.00	0.00	0.00	0.00	0.00	0.00	0.00	0.00	0.00	0.00	0.00	0.00	0.00	0.00	0.00	0.00	0.00	0.00	0.00	0.00	0.00	0.00	0.00	0.00	0.00	0.00	0.00	0.00	0.00	0.00	0.00	0.00	0.00	0.00	0.00	0.00	0.00	0.00	0.00	0.00	0.00	0.00	0.00	0.00	
0.04	0.02	0.01	0.01	0.01	0.01	0.01	0.00	0.00	0.00	0.00	0.00	0.00	0.00	0.00	0.00	0.00	0.00	0.00	0.00	0.00	0.00	0.00	0.00	0.00	0.00	0.00	0.00	0.00	0.00	0.00	0.00	0.00	0.00	0.00	0.00	0.00	0.00	0.00	0.00	0.00	0.00	0.00	0.00	0.00	0.00	0.00	0.00	0.00	0.00	0.00	0.00	0.00	0.00	0.00	0.00	0.00	0.00	0.00	0.00	0.00	0.00	0.00	0.00	
0.04	0.02	0.01	0.01	0.01	0.01	0.01	0.00	0.00	0.00	0.00	0.00	0.00	0.00	0.00	0.00	0.00	0.00	0.00	0.00	0.00	0.00	0.00	0.00	0.00	0.00	0.00	0.00	0.00	0.00	0.00	0.00	0.00	0.00	0.00	0.00	0.00	0.00	0.00	0.00	0.00	0.00	0.00	0.00	0.00	0.00	0.00	0.00	0.00	0.00	0.00	0.00	0.00	0.00	0.00	0.00	0.00	0.00	0.00	0.00	0.00	0.00	0.00	0.00	
0.04	0.02	0.01	0.01	0.01	0.01	0.01	0.00	0.00	0.00	0.00	0.00	0.00	0.00	0.00	0.00	0.00	0.00	0.00	0.00	0.00	0.00	0.00	0.00	0.00	0.00	0.00	0.00	0.00	0.00	0.00	0.00	0.00	0.00	0.00	0.00	0.00	0.00	0.00	0.00	0.00	0.00	0.00	0.00	0.00	0.00	0.00	0.00	0.00	0.00	0.00	0.00	0.00	0.00	0.00	0.00	0.00	0.00	0.00	0.00	0.00	0.00	0.00	0.00	
0.04	0.02	0.01	0.01	0.01	0.01	0.01	0.00	0.00	0.00	0.00	0.00	0.00	0.00	0.00	0.00	0.00	0.00	0.00	0.00	0.00	0.00	0.00	0.00	0.00	0.00	0.00	0.00	0.00	0.00	0.00	0.00	0.00	0.00	0.00	0.00	0.00	0.00	0.00	0.00	0.00	0.00	0.00	0.00	0.00	0.00	0.00	0.00	0.00	0.00	0.00	0.00	0.00	0.00	0.00	0.00	0.00	0.00	0.00	0.00	0.00	0.00	0.00	0.00	
0.03	0.02	0.01	0.01	0.01	0.01	0.00	0.00	0.00	0.00	0.00	0.00	0.00	0.00	0.00	0.00	0.00	0.00	0.00	0.00	0.00	0.00	0.00	0.00	0.00	0.00	0.00	0.00	0.00	0.00	0.00	0.00	0.00	0.00	0.00	0.00	0.00	0.00	0.00	0.00	0.00	0.00	0.00	0.00	0.00	0.00	0.00	0.00	0.00	0.00	0.00	0.00	0.00	0.00	0.00	0.00	0.00	0.00	0.00	0.00	0.00	0.00	0.00	0.00	
0.03	0.02	0.01	0.01	0.01	0.01	0.00	0.00	0.00	0.00	0.00	0.00	0.00	0.00	0.00	0.00	0.00	0.00	0.00	0.00	0.00	0.00	0.00	0.00	0.00	0.00	0.00	0.00	0.00	0.00	0.00	0.00	0.00	0.00	0.00	0.00	0.00	0.00	0.00	0.00	0.00	0.00	0.00	0.00	0.00	0.00	0.00	0.00	0.00	0.00	0.00	0.00	0.00	0.00	0.00	0.00	0.00	0.00	0.00	0.00	0.00	0.00	0.00	0.00	
0.03	0.02	0.01	0.01	0.01	0.01	0.00	0.00	0.00	0.00	0.00	0.00	0.00	0.00	0.00	0.00	0.00	0.00	0.00	0.00	0.00	0.00	0.00	0.00	0.00	0.00	0.00	0.00	0.00	0.00	0.00	0.00	0.00	0.00	0.00	0.00	0.00	0.00	0.00	0.00	0.00	0.00	0.00	0.00	0.00	0.00	0.00	0.00	0.00	0.00	0.00	0.00	0.00	0.00	0.00	0.00	0.00	0.00	0.00	0.00	0.00	0.00	0.00	0.00	
